4.184321403503418
4.017669200897217
3.4064459800720215
3.402338743209839
4.228857517242432
3.6040163040161133
3.818236827850342
3.570073366165161
3.7523889541625977
3.575721025466919
3.9033102989196777
3.8245368003845215
3.6824069023132324
3.6186327934265137
3.652676820755005
3.7058963775634766
3.554274797439575
3.1576969623565674
3.111086130142212
3.4806628227233887
3.647101640701294
3.2278661727905273
3.4682424068450928
3.9360432624816895
3.4715192317962646
3.6842987537384033
3.4281530380249023
3.1548120975494385
3.547991991043091
3.4815783500671387
3.4519264698028564
3.8336410522460938
3.7906670570373535
3.731245994567871
3.7991809844970703
3.453585624694824
3.7988975048065186
3.3882293701171875
3.7105979919433594
3.7894628047943115
