264.7389106485163
252.38999980336405
240.79228292371346
232.89156417179453
217.98245843976218
264.3019253842982
263.47554823784105
222.63200858150122
232.0591861781163
215.78564599441907
244.37304736910767
204.54883581070362
171.2696132748692
235.87698768465805
195.9344349090161
194.62158927572506
206.67780468072914
161.542755786503
202.98255937261428
196.78078683293515
202.08835300130627
236.99109621674395
167.96569845669885
210.1967905427082
205.98231739286584
200.0107399586658
171.56801307765727
214.81088007913092
229.43961140890698
194.427217972493
191.28973690145912
203.7198812602101
308.89951621168075
252.46794251374328
196.46836185599344
192.11672999655954
213.5866570495478
187.01989104685074
190.76348461662943
185.4755240245581
216.31207002092793
292.28100956588554
224.80903936489025
196.38531296611964
218.38672373127963
177.00581780133734
240.49583895381522
214.05840355711524
170.43294989404586
203.0789611773405
