182.60043147321684
176.68345234149876
118.34490546335273
149.52423380549584
201.32298624663824
218.01255895407496
160.85834755577685
138.41708183956155
150.1757269468248
158.35805728830948
277.31962744800285
139.32979904226005
194.32873101940447
154.8370021135513
149.22982283423644
152.49827726868352
154.9113016493181
166.09358656671856
150.04266657120235
141.22441201632466
144.0819197885754
166.6666213666794
154.9697651395025
180.72357980616343
177.23588151349708
137.61726313229133
181.47886238853457
173.04776208442397
178.11442676473126
143.92576910514026
139.05283073094702
162.00540019150992
173.05192730923733
160.40487626219863
176.46016011726874
182.02972301972076
136.93437729825246
212.90867453145884
156.00913185688705
188.16850324518373
158.82289239597725
167.00419086954827
149.05180890036834
186.98642052635404
174.01616028751522
209.93594306713015
155.70897901117866
190.43326622647078
173.9723617481839
164.20684558917895
