207.55992546211974
184.9944082513221
143.46050956560998
169.94891598030023
172.98368236003512
152.3063588934401
133.9869178063525
142.9530980904347
144.5476394937167
127.77330310918738
159.8941791867755
133.41681752602778
146.74722176001708
110.76347491222373
125.85942970135306
144.11715989801147
119.79727374666396
149.9475953403184
124.03631970540371
141.428846869896
144.9136849395968
167.9074886890469
158.18210911173935
111.39678854243886
152.6634150445217
126.47168252381384
162.976756144437
123.84777940731529
144.206696930297
153.4384291121122
160.06315005483393
138.0783373470737
145.75695027981544
136.60112640245814
158.57187043777463
133.6003952386359
155.88308142166673
122.50824983383453
131.54055108271461
118.76001160971745
153.68683244449667
119.31410014435652
159.64738496167772
139.80704523834112
135.16393130521806
135.16923137304033
123.95618339770525
137.11252757015245
124.3343558689799
150.57757956980686
